2157.352305554851
-66845.19244779284
629660.531922213
-2832637.800902309
7450456.94969677
-12901831.260329606
15900239.977259474
-14717877.55047845
10641628.753875377
-6190625.005512895
2965442.3326656427
-1191404.1090578986
407744.3696258806
-120262.02850024833
31013.54410242269
-6952.2013202612725
1463.7823507221874
-196.10428058891466
97.07235555431942
50.430389371173156
57.149122817673174
56.26865964048427
56.37407688627068
56.36250004613289
56.36367036889801
56.36356110088129
56.36357055185261
56.36356979243279
56.36356984927201
56.36356984529978
