4.934802200544679
0.8760900741279114
2.2113528429825005
1.9760222126236073
2.0018291040136216
1.9998995297042177
2.0000041678091427
1.9999998647395556
2.00000000352908
1.9999999999243494
2.0000000000013567
1.9999999999999798
2.000000000000001
2.0000000000000004
2.0000000000000004
2.0000000000000004
2.0000000000000004
2.0000000000000004
2.0000000000000004
2.0000000000000004
2.0000000000000004
2.0000000000000004
2.0000000000000004
2.0000000000000004
2.0000000000000004
2.0000000000000004
2.0000000000000004
2.0000000000000004
2.0000000000000004
2.0000000000000004
