10.335425560099939
0.13476940059055842
3.73035657651531
3.0731894836262845
3.146893793083428
3.141298159414217
3.1416049743624863
3.141592251076084
3.1415926641478062
3.1415926533624767
3.141592653593883
3.1415926535897305
3.1415926535897936
3.1415926535897927
3.1415926535897927
3.1415926535897927
3.1415926535897927
3.1415926535897927
3.1415926535897927
3.1415926535897927
3.1415926535897927
3.1415926535897927
3.1415926535897927
3.1415926535897927
3.1415926535897927
3.1415926535897927
3.1415926535897927
3.1415926535897927
3.1415926535897927
3.1415926535897927
